gene,p,q,fc,pct.in,pct.rest,Identity
CPA4,0,0,21.6159500020829,0.32776617954071,0.015372487189594,acinar
ANO1,0,0,50.2963611265841,0.447183098591549,0.0111044055522028,activated_stellate
AXL,3.91465618312807e-196,5.4805186563793e-195,14.9229913535531,0.316901408450704,0.0181050090525045,activated_stellate
LPAR6,0.00216762376889966,0.0101155775881984,2.44824539063088,0.045774647887324,0.0208811104405552,activated_stellate
NDN,1.37494578780357e-25,1.924924102925e-24,2.51057472630486,0.390845070422535,0.156910078455039,activated_stellate
NTM,0,0,142.038587594217,0.253521126760563,0.00132770066385033,activated_stellate
PHACTR2,1.17355987076442e-13,8.21491909535092e-13,2.12058717284011,0.299295774647887,0.141581170790585,activated_stellate
PHLDA2,6.05062002857861e-45,4.23543402000503e-44,3.06278389424304,0.429577464788732,0.130235365117683,activated_stellate
SLC22A18,1.46852513016433e-05,6.8531172741002e-05,2.0889833091835,0.0845070422535211,0.035847917923959,activated_stellate
TFPI2,6.4290258592764e-112,4.50031810149348e-111,7.68183633478985,0.450704225352113,0.0748340374170187,activated_stellate
GDAP1L1,3.45710125372034e-25,4.83994175520848e-24,2.43715840501339,0.113499570077386,0.0515777670991511,alpha
ZNF331,5.96737367626255e-105,8.35432314676757e-104,5.29989845751774,0.192175408426483,0.047573282075925,alpha
CDKN1C,0,0,3.93049591939837,0.672475247524753,0.291694242223693,beta
DLK1,0,0,20.3832241988182,0.564752475247525,0.0584050297816016,beta
GNG7,4.56905074400493e-46,6.3966710416069e-45,2.33178959083824,0.179009900990099,0.0744540039708802,beta
IGF2,0,0,14.4138735920627,0.698217821782178,0.0641958967571145,beta
INS,0,0,3.51129987540118,0.99960396039604,0.883686300463269,beta
KCNK9,0.000216311045235842,0.00302835463330179,4.1130600469028,0.00554455445544554,0.00132362673726009,beta
LRRTM1,2.24974434858405e-08,1.57482104400883e-07,5.53054642844504,0.00910891089108911,0.00132362673726009,beta
MAGEL2,8.86456784898837e-08,1.24103949885837e-06,2.74580054949748,0.0221782178217822,0.00843812045003309,beta
MEG3,0,0,7.747591673189,0.538613861386139,0.0896757114493713,beta
MEG8,8.9894371368986e-05,0.0012585211991658,6.24034421710835,0.00554455445544554,0.00115817339510258,beta
MESTIT1,3.80924615464934e-09,5.33294461650908e-08,2.69369879493989,0.0245544554455446,0.00876902713434811,beta
PEG3,7.64657616234783e-31,1.0705206627287e-29,2.08362569077767,0.144950495049505,0.0660158835208471,beta
PLAGL1,4.61648235528452e-46,6.46307529739833e-45,2.12886233076724,0.232079207920792,0.113170086035738,beta
SNURF,4.8307920048864e-19,6.76310880684095e-18,2.14132212264327,0.0796039603960396,0.0344142951687624,beta
DIRAS3,3.56142024786998e-79,4.98598834701798e-78,4.13321971825448,0.324459234608985,0.0853413654618474,delta
MAGEL2,6.64334840180912e-06,4.65034388126638e-05,2.4488059340711,0.0316139767054908,0.0110441767068273,delta
MEST,3.99629211661063e-78,5.59480896325488e-77,4.08360256816907,0.347753743760399,0.102158634538153,delta
PEG3,3.84032356409855e-11,2.68822649486899e-10,2.00191898037116,0.161397670549085,0.0838353413654619,delta
GRB10,2.82239367200349e-77,3.95135114080489e-76,2.96032184215372,0.330547818012999,0.120928990923652,ductal
KCNQ1,0,0,17.0041158674704,0.37883008356546,0.0292311799252536,ductal
PHLDA2,0,0,8.88857768523806,0.550603528319406,0.0811532301121196,ductal
SLC22A18,4.79071570091921e-126,6.70700198128689e-125,9.48701317532136,0.166202414113278,0.0189535504538174,ductal
SLC22A3,3.23471756839186e-57,4.52860459574861e-56,21.8027801546116,0.0501392757660167,0.00253603844100374,ductal
SLC9A7,4.95560380223251e-19,6.93784532312551e-18,2.05585090112597,0.155988857938719,0.0750133475707421,ductal
TFPI2,0,0,16.3552779496382,0.495821727019499,0.0285638013881474,ductal
GRB10,7.45597964876422e-37,3.4794571694233e-36,4.36753217860409,0.392857142857143,0.139834074786582,endothelial
KCNQ1,0.000380704693006285,0.001332466425522,2.39573067200441,0.123015873015873,0.071660454490802,endothelial
LPAR6,6.11436202608329e-24,4.28005341825831e-23,8.32251572682857,0.111111111111111,0.0189972345797764,endothelial
RB1,9.21377141463805e-36,1.28992799804933e-34,3.83489739137216,0.400793650793651,0.146326800529037,endothelial
DIRAS3,1.20793110440195e-05,4.22775886540681e-05,4.79561662684401,0.388888888888889,0.101508595485908,epsilon
GDAP1L1,0.00454648994903299,0.0212169530954873,3.30240972895439,0.222222222222222,0.0680622149456204,epsilon
PEG10,0.000549463878327813,0.00153849885931788,2.23685162678761,0.666666666666667,0.350602268740498,epsilon
SLC22A3,1.02347715633428e-06,7.16434009433996e-06,16.1987953324165,0.111111111111111,0.00830312244181967,epsilon
DIRAS3,5.21724501612209e-13,2.43471434085698e-12,2.8033055100486,0.227450980392157,0.0982679817175848,gamma
PEG10,1.65872587371875e-64,2.32221622320625e-63,3.14847706356974,0.752941176470588,0.338946355544864,gamma
SNHG14,5.09944348393672e-06,1.78480521937785e-05,2.09302971919534,0.196078431372549,0.115467885494347,gamma
ZNF542P,0.00226715019659465,0.0317401027523251,3.04175754409006,0.0313725490196078,0.0116670675968246,gamma
AXL,1.46224947726882e-32,5.11787317044087e-32,10.5567188575852,0.290909090909091,0.0263096077049565,macrophage
LPAR6,2.8748508963681e-49,4.02479125491533e-48,17.1232417833329,0.309090909090909,0.0198496593845431,macrophage
RB1,2.80784565410141e-09,1.96549195787099e-08,3.26127062139026,0.418181818181818,0.15210241954428,macrophage
SLC22A18,4.04408863183704e-07,2.83086204228593e-06,4.31517006431287,0.163636363636364,0.036645525017618,macrophage
KCNQ1,9.2479786295661e-12,4.31572336046418e-11,9.51785770161003,0.4,0.0722144194756554,mast
NTM,6.98950378953712e-09,4.89265265267598e-08,17.5814194080397,0.12,0.00936329588014981,mast
ZNF597,0.000631744470445596,0.00884442258623834,11.9946090938328,0.08,0.0114700374531835,mast
ANO1,7.33554339039383e-36,5.13488037327568e-35,7.46335677286939,0.173410404624277,0.0225107193901858,quiescent_stellate
AXL,6.92958002005017e-171,4.85070601403512e-170,23.8005161476487,0.369942196531792,0.0209623630300143,quiescent_stellate
NDN,5.62560868635311e-05,0.000196896304022359,2.10116009675027,0.248554913294798,0.162934730824202,quiescent_stellate
PHLDA2,2.72808335696032e-20,1.27310556658148e-19,3.32451615607573,0.364161849710983,0.135540733682706,quiescent_stellate
SLC22A3,0.00152696260746644,0.00712582550151005,4.43025910674256,0.0289017341040462,0.00809909480705098,quiescent_stellate
AXL,2.02026326584748e-60,9.4278952406216e-60,34.1009583484492,0.769230769230769,0.0268817204301075,schwann
GNG7,0.00385687140813976,0.0179987332379855,4.10364533543025,0.307692307692308,0.104955586722768,schwann
LRRTM1,6.58894517180821e-20,9.22452324053149e-19,91.4687775860655,0.153846153846154,0.00338943431510051,schwann
PAX8,8.076376758842e-05,0.00113069274623788,14.591062368207,0.153846153846154,0.0174146797568957,schwann
SGCE,5.73240797843736e-05,0.000267512372327077,4.12162170108799,0.538461538461538,0.177886863020103,schwann
